Webots Project File version R2025a
perspectives: 000000ff00000000fd00000002000000010000011c000002f5fc0200000001fb0000001400540065007800740045006400690074006f00720000000016000002f50000003f00ffffff000000030000073a000000ccfc0100000001fb0000001a0043006f006e0073006f006c00650041006c006c0041006c006c01000000000000073a0000006900ffffff0000073a000002fe00000001000000020000000100000008fc00000000
simulationViewPerspectives: 000000ff000000010000000200000100000006380100000002010000000100
sceneTreePerspectives: 000000ff00000001000000030000001c000000c0000000fa0100000002010000000200
maximizedDockId: -1
centralWidgetVisible: 1
orthographicViewHeight: 1
textFiles: -1
consoles: Console:All:All
renderingDevicePerspectives: ur5e:arm_camera;1;0.179386;0.104197;0.0523149
